0.12578889305643373
0.12422460395065364
0.11872157253920339
0.11222418235821535
0.10796960907402291
0.10471672872536583
0.1027259515255944
0.10157611112697722
0.09993014161534972
0.09933065800783798
0.09809919540633796
0.09831809238339229
0.09727716052296367
0.09589914400983078
0.09626950579930221
0.09494439298048604
0.09428275781456032
0.09438122226585706
0.09349615055752689
0.09299231048375715
0.09287836686458766
0.09280197681603365
0.09129426211026216
0.09055803468215363
0.09106356193094035
0.09018070149886413
0.0900176144887811
0.08975605218099753
0.08984987972386592
0.08929530820752225
0.08917694657613272
0.08834026718354669
0.08803986129116143
0.0885848693081443
0.08742141322492165
0.08743207139317799
0.08708006766956383
0.08654546493171628
0.08668064775163578
0.08566773274755922
0.08606514761251845
0.08607437285320808
0.08440691840461376
0.08527210540057986
0.08471355160670839
0.08527173528186197
0.08467632843668467
0.08448603825283846
0.08467840421236791
0.08375088483835025
0.08335950382522042
0.08353956661326557
0.08390269885121435
0.08304354088934379
0.08334360517347571
0.08289570872627829
0.08290238020099162
0.08214141015769716
0.08225397440504435
0.0823533307815865
0.08185214373009254
0.08223580260659208
0.08134005336369814
0.08046283015997212
0.08162178611274465
0.0814865207295255
0.07996689356412649
0.08059696956625088
0.07993359988030765
0.08038210348624236
0.08032669344320142
0.07911950322207645
0.07950392092922753
0.07970420178387219
0.07874465169915403
0.07901258801042894
0.07874085118342408
0.0786803546423039
0.07847035099384488
0.07793746833003844
0.07846382653949055
0.07731289987338893
0.07809011612298462
0.0775545444671871
0.07856207663486686
0.07763912310553578
0.07623891204977054
0.0773672357192906
0.0774530309279174
0.07691978897301147
0.07649289981929529
0.07610474322554768
0.07668422085368143
0.07639892195561673
0.07654369652525596
0.0766008634631767
0.07553587852029998
0.07528178975610329
0.07546982410182501
0.07607365324890965
0.07534775621697734
0.07518658256396663
0.07416203424848958
0.07405856513411754
0.07417160012203654
0.07409836584232499
0.07410425253651741
0.07433823469225707
0.07405189818957686
0.07349890682635334
0.07416826110879426
0.07338890145172251
0.07342719946481444
0.07369259776673269
0.07213806506041134
0.0728831860743307
0.07285588264864161
0.07224921780133359
0.07230295410670219
0.0724562631126658
0.07169774308789137
0.07159788858599216
0.07237260369331083
0.07240798696008553
0.0721445977933491
0.0737267395610075
0.07204216525762047
0.0718700976419509
0.0714575967197274
0.07113992428310256
0.07133376949500723
0.0708025416707558
0.07087002435946206
0.07126593776191732
0.07068170332245072
0.0712886029815401
0.07110766007848911
0.07081699113110825
0.07005524803227561
0.06973804152282381
0.07070758979105737
0.0702212532553056
0.07054313631472521
0.06913450796697564
0.06992432009500991
0.07017586203804999
0.06971644546874185
0.06925047770188797
0.0694700694759286
0.06995686004335701
