0.12885577207369062
0.1265910096680406
0.12593023233329537
0.12569259321555507
0.12562624906689
0.12470995503585407
0.12466744727132115
0.12329703117984502
0.12110452071884235
0.1195042297660241
0.11692650737551592
0.11551321288635788
0.11394341645474763
0.11272688822703734
0.11135849453468392
0.1098159614421537
0.10926858443821744
0.10760318084718924
0.10725775635328008
0.10650917225863417
0.10620364346783508
0.10504380710093525
0.1044937817739645
0.10367416884949542
0.10304489212444441
0.10245480204883983
0.10249013801107489
0.10167526676846253
0.10124905910588587
0.10078177171924764
0.10048204325168424
0.10076462739285247
0.09996779082679674
0.09992941543517693
0.09940045071466659
0.09880859861721171
0.09899525661122623
0.09864067815712388
0.09801363466413009
0.09795019575347727
0.09688715061896803
0.09750628158380766
0.09744117611584227
0.0967328835905893
0.09717691992897225
0.09616164548670811
0.09660051216835935
0.09648793123957258
0.09574901863435518
0.09565598534707694
0.09544651287472738
0.09537879409683223
0.09454060671020147
0.0949074377712582
0.09423660766405594
0.09559563612110214
0.09365464576149375
0.09419524845941017
0.09380552968005972
0.0945696550731376
0.09315015487459577
0.09356623348730123
0.093253460740909
0.09264983726944269
0.09282568686109259
0.09243646874168383
0.09215583877682779
0.09221887027539885
0.09191522103372333
0.09202039279650588
0.09267876826983908
0.091516590805087
0.09147564290832697
0.09174538388143129
0.0918375462484369
0.09120612586880951
0.09096437165783855
0.09066055233599697
0.09039208808259228
0.09091180157786288
0.09058488246784643
0.09073359989745382
0.08984165389561857
0.09021508144872238
0.09006177174480873
0.08893881131561807
0.08964817817528827
0.08984218879412828
0.08922409170283375
0.08909646496812533
0.08937141824950073
0.08846529554705734
0.08920863061519073
0.08870973077922759
0.08881814053312487
0.08897824422727267
0.08883329067318545
0.0883114676752046
0.08765340425634773
0.0876743808429171
0.08783521030395876
0.08766622373168093
0.08782626954366109
0.08712747423708023
0.08798952751248913
0.08728101806205035
0.08703280784496048
0.08699989257000323
0.08665981021752368
0.08684412925811218
0.08659602250814252
0.08689854342903713
0.08648192925888776
0.08643438817920196
0.0859674129655326
0.0859284616509688
0.08499263890544234
0.08598458825316514
0.08575837117315634
0.08569055747694522
0.08545748240338268
0.08561314693583455
0.0855161283422432
0.08506683790528839
0.08525764533514381
0.08469023063917601
0.08568720750747677
0.08469342105697532
0.08468474690781443
0.08463687818465629
0.08452253220523394
0.08468453636388616
0.0844281627756852
0.08483703528683346
0.08405994649332008
0.08389533377311043
0.08425934061905134
0.08368606886503491
0.08347393352974747
0.08409150388984832
0.08348104522741978
0.08319122467372102
0.08295867430975355
0.08281700745733604
0.0830669412873483
0.08364664697896797
0.08292875070445661
0.08323907056249695
0.08279272778966891
0.08284767663945886
