0.12625315897542438
0.1256939637697973
0.12474403645383747
0.12265872904457169
0.11835365647650949
0.11340083033886873
0.10971923046467191
0.10672281871501377
0.10466218391784501
0.1031410546526833
0.1015531651016767
0.10021168542368362
0.1002027449726226
0.09904131151394756
0.09835543587248949
0.09730365647825277
0.09685546965204625
0.0962942735898208
0.09587450169714687
0.09544864016288099
0.09455999516996882
0.09447440420926959
0.09352891501169319
0.09369074733591154
0.09230327839718205
0.09179140281732735
0.09098906767944016
0.09085910384094557
0.09124936031927611
0.09021450831468851
0.0896882976588119
0.08910412810413387
0.08882960531487771
0.08809264344390831
0.08845687972322465
0.08791237911158888
0.08693386268382206
0.08652181044521491
0.08611463424168048
0.08621853968898764
0.08627694054478541
0.08555997606970896
0.0849024371249071
0.08426084720274568
0.08493378296598526
0.08442650473538621
0.08331016463547644
0.08342857394422368
0.08300833675152022
0.08294935280542395
0.08302644367674417
0.08216199785170396
0.08291463704766738
0.08092213415123864
0.0815277506154438
0.08150266016392027
0.0809259930259965
0.0803771438763482
0.08009011062299956
0.08075215663151097
0.07974184755903514
0.08018714799043557
0.07988551698330301
0.07976241786642718
0.07906517236153222
0.07862823600450905
0.0785311726409627
0.07745187316029177
0.07711301392841653
0.07760384928686523
0.07826237346835382
0.07648798338693182
0.07716726662000083
0.0761904838452328
0.07558462745672608
0.0755979997576254
0.07593968441555257
0.07654976263307064
0.07565416947377107
0.07516661951935412
0.07529329278783062
0.07524362860046634
0.07433881888655935
0.07385216444684517
0.07398555362474281
0.07392767529798812
0.07442366737869473
0.07360266883842376
0.07438556640716003
0.07409633817172864
0.07303875933572523
0.0728684241592283
0.07261186045405937
0.0729366165937681
0.07239940643304767
0.0730830483872637
0.071422578765497
0.07167635829880822
0.07235235057892589
0.07144740244259522
0.07092856381108725
0.0712613841017334
0.07046640095141296
0.07178021258623263
0.07084002912686119
0.0700313289316705
0.07027504886908759
0.07009046821283499
0.06965737741027256
0.06969475893258956
0.06958316272027831
0.06966654031231849
0.0695203550801525
0.06917929606580106
0.06920402143887534
0.06889584765150346
0.06926012804906576
0.06882968739172209
0.06890282813312242
0.06883860630170378
0.0681804927735018
0.0685105928667092
0.06818899025315457
0.0684414214322371
0.06779082932005888
0.0673942602390555
0.06763941116047238
0.06757725152288924
0.06788819702306027
0.06700319036858733
0.06691258124533182
0.06683417708201866
0.06686274493741749
0.06683568402408074
0.06705227932806761
0.06674527893199811
0.06632149399852827
0.06595929018586666
0.06631777571374081
0.06530078454846278
0.06615241770715655
0.06610150962397514
0.06601825793749885
0.06610608662719224
0.06597662979666118
0.06539002946549788
0.06533044763198419
0.06606382330412824
0.0651770432062788
0.06496182605884304
