0.12353035287398345
0.11350655861493689
0.10718798047817428
0.1038423531115795
0.10280767866374912
0.10169740518608511
0.10070618185380155
0.09968002380108168
0.09937992434778169
0.09902821025754056
0.09898876820750899
0.09876201600067555
0.09840540086765268
0.09806954932938813
0.09797461647641482
0.09753985999222871
0.09748149568704878
0.09675882693995701
0.09704682719080923
0.09643205249200873
0.09682773716915384
0.09641582786435762
0.09587761675368177
0.09599139094583928
0.09626540022304671
0.0964463181487343
0.0956760066640155
0.09589167075091504
0.09562071284482977
0.09553396216571285
0.09597231310707734
0.09561025706185584
0.09546987119053481
0.09526102261038322
0.09502288500602805
0.09495553742484403
0.09528929707532802
0.09459288902378434
0.09554088913060325
0.09529745141499443
0.09465699216034451
0.0945584337646828
0.0941901243674006
0.0945438954132393
0.09482911660619907
0.0940540721647216
0.09380338309496017
0.0942489465335897
0.09381168120077546
0.0938164274807213
0.09405937759657994
0.09358562320135563
0.09387157396453125
0.09454602310600162
0.09350553290200289
0.09406148683051438
0.09379387600383525
0.09344095432707467
0.09312480397354826
0.09409409675882989
0.0928322687641052
0.09360896139365929
0.0933306863469334
0.09309711739062523
0.0928275561158143
0.09339147810502696
0.09240816931816105
0.0927333470182515
0.09229059553509354
0.09234006958092433
0.09247229466774003
0.09254705638005532
0.09205065452608607
0.09237697011017355
0.09216136837347799
0.0917346966680489
0.09278967829176953
0.09217053156742021
0.09162399046487175
0.09120478008818127
0.09172703727178097
0.09145868269913043
0.09134914830783664
0.0913200986646029
0.09106353123269866
0.09115583707106678
0.09105053011406014
0.09156754496742164
0.09108892828515096
0.0909938483308969
0.09093349254448067
0.09143324046055414
0.09046958201645047
0.09029753361102497
0.09075638973222766
0.09071959410067951
0.0908231185510743
0.09072520097181536
0.09037710395638013
0.09059625216943983
0.09077027322734577
0.09056546376935727
0.09087691476598925
0.09094054343813238
0.09033654765150083
0.09015114409769572
0.09018566693512389
0.09013146912293253
0.0900562178369545
0.09007609706976046
0.09037792735391342
0.09013672780658821
0.09023228709067921
0.09015161504490696
0.09031624402460708
0.0898285086177827
0.08983308406903634
0.09022546065371567
0.08941728671719346
0.089203009692572
0.08993297847113561
0.08985687138858094
0.08900215895232348
0.08928417520781096
0.08974525076391347
0.08982194203788038
0.08950547359542758
0.08968193035448495
0.08924919690812531
0.08967094432311154
0.08918067657723272
0.08979677858627333
0.08897419740887369
0.08935068830951783
0.08931249971129433
0.0895383660764635
0.08961505876656092
0.08912721039587163
0.08954590283293794
0.08905953009915592
0.08905830681670812
0.08940978367329569
0.0891091410270072
0.08882440083578541
0.08926037301600581
0.08898062376873359
0.08922215638417806
0.08916391391246424
0.08921307386054467
0.08911782436656619
